Maybe 
	- query DB to get the patterns specificity per committer
		distances and clasters
		characteristics of changes
		behavioral charactersitcs of committers
		roles
		corellation with mailing list and bug reports activity
	- 


	
	
	
Types:
type   
-----  
W10A3  
W10A5  
W10A6  
W10A7  
W14A3  
W14A5  
W14A7  
W20A3  
W20A5  
W20A7  

W30A3  
author_id  repository_id  type   label  date                   string  occurrences                                                                                                                                                                                                                                                                                                                                                                                                                                                                                                                      
---------  -------------  -----  -----  ---------------------  ------  -------------------------------------------------------------------------------------------------------------------------------------------------------------------------------------------------------------------------------------------------------------------------------------------------------------------------------------------------------------------------------------------------------------------------------------------------------------------------------------------------------------------------------  
1          25             W30A3  MOTIF  2001-04-27 02:00:00.0  caa     116,120,121,122,123,148,149,150,151,152,153,154,155,156,157,195,196,197,198,199,200,201,202,229,230,231,232,268,269,270,271,272,293,294,295,296,297,298,299,300,301,302,324,325,326,327,328,329,330,331,332,333,394,395,396,397,398,399,400,401,402,403,461,464,465,466,467,492,493,495,496,497,498,499,500,501,524,525,526,527,528,529,530,531,532,533,595,596,597,598,599,600,601,602,603,604,651,652,705,706,707,708,709,710,711,712,713,714,751,772,780,787,788,789,800,801,802,803,804,805,806,807,808,809,872,873,874,875  
1          13             W30A3  MOTIF  2001-06-24 02:00:00.0  aac     174,175,176,177,178,179,180,181,182,183,233,234,235,236,237,238,239,240,241,242,272,273,274,275,276,277,278,279,280,281,391,392,393,394,395,396,397,398,399,400,421,422,423,424,425,476,477,478,479,480,481,482,483,484,485,486,487,488,489,490,491,547,548,549,550,551,552,553,554,555,556,626,627,628,629,630,631,632,633,634,635,670,671,672,673,674,675,676,677,689,721,722,723,724,725,726,727,728,729,730,840,841,842,843,844,845,846,847,848,849,870,871,872,873,874,875,876,877,878,965,966,967,968,969,970,971,972,973  
1          25             W30A3  MOTIF  2001-04-21 02:00:00.0  aca     110,111,144,145,146,147,185,186,187,188,189,190,191,192,193,219,220,221,222,243,244,245,246,247,263,264,265,266,267,283,284,285,286,287,288,289,290,291,292,314,315,316,317,318,319,320,321,322,323,384,385,386,387,388,389,390,432,433,452,453,454,455,456,457,458,459,460,482,483,484,485,486,487,488,489,490,491,514,515,516,517,518,519,520,521,522,523,585,586,587,588,589,590,591,592,593,594,643,644,645,647,648,649,744,745,746,747,748,763,793,794,795,796,858,859,860,861,866,878,879,880,881,909,944,945,946,947,948  
1          13             W30A3  MOTIF  2001-07-04 02:00:00.0  aca     184,185,186,187,188,189,190,191,192,193,243,244,245,246,247,248,249,250,251,252,283,284,285,286,287,288,289,290,291,401,402,403,404,405,406,407,408,409,410,432,433,436,437,438,439,440,441,452,453,497,498,499,500,501,517,557,558,559,560,561,562,563,564,565,577,578,579,580,581,582,583,584,585,637,638,639,657,658,659,678,698,739,740,850,851,852,853,854,855,856,857,858,859,879,880,881,882,883,884,885,886,887,888,1020,1021,1040,1041,1042,1043,1044,1045,1046,1047,1048,1122,1123,1124,1125,1126,1127,1128,1129,1130  
1          63             W30A3  MOTIF  2001-04-03 02:00:00.0  aac     92,93,94,95,96,97,98,99,100,101,114,129,130,131,174,175,176,177,178,179,180,181,182,183,206,207,208,209,210,211,278,279,280,281,282,304,305,306,307,308,309,310,311,312,313,366,367,368,369,370,371,372,373,374,375,404,405,406,407,408,429,450,451,455,456,478,479,511,516,543,544,545,546,547,626,627,628,629,630,631,632,633,634,635,660,723,724,725,726,727,728,729,730,731,732,776,777,778,779,780,781,782,783,784,785,840,841,842,843,844,845,846,847,848,849,890,891,892,893,894,895,896,897,898,899,940,941,942,943,944  
1          53             W30A3  MOTIF  2001-04-28 02:00:00.0  caa     117,135,136,150,151,152,153,154,155,156,157,158,159,160,161,162,163,239,240,241,248,293,294,295,296,297,298,299,300,301,302,342,343,344,345,346,347,348,349,394,395,396,397,398,442,443,444,449,450,518,519,520,533,554,555,556,557,579,580,581,582,583,584,585,586,587,618,619,620,621,622,623,624,625,626,627,638,639,640,641,642,672,673,674,675,676,677,678,684,705,706,707,708,709,710,711,712,750,751,758,759,779,780,781,782,783,812,813,814,815,816,817,818,819,820,821,874,875,876,877,878,879,880,881,882,883,915,916  
1          63             W30A3  MOTIF  2001-04-29 02:00:00.0  caa     118,119,120,121,149,150,151,152,153,154,155,156,157,158,226,268,269,270,271,272,293,294,295,296,297,298,299,300,301,302,324,325,326,327,328,329,330,331,332,333,394,395,396,397,398,419,445,446,496,531,532,533,534,535,536,537,589,590,591,592,593,594,595,596,597,598,650,699,700,701,702,705,706,707,708,709,710,711,712,713,714,755,756,757,758,759,760,761,762,763,764,765,766,799,800,801,812,813,814,815,816,817,818,819,820,821,868,869,870,871,872,873,874,875,876,877,929,930,931,932,933,934,935,936,937,938,960,961  
7          2              W30A3  MOTIF  2001-08-11 02:00:00.0  bca     222,223,257,258,271,272,284,285,286,287,305,306,367,382,383,384,385,386,390,391,435,453,454,462,496,503,504,516,556,557,558,559,560,598,599,600,622,623,649,650,678,695,696,697,698,699,740,741,744,745,746,747,748,773,774,775,776,777,780,781,823,824,825,859,860,861,862,922,923,927,936,949,975,976,977,978,979,980,1008,1013,1027,1035,1046,1047,1048,1049,1050,1051,1052,1053,1054,1055,1101,1102,1103,1104,1105,1177,1180,1210,1230,1231,1244,1245,1246,1247,1248,1249,1252,1253,1325,1326,1327,1328,1356,1378,1379,1405  
7          25             W30A3  MOTIF  2001-10-11 02:00:00.0  aca     283,284,285,286,332,333,334,335,336,337,338,339,340,341,359,360,361,362,363,364,365,366,367,368,425,426,427,428,429,430,431,432,433,434,452,453,454,455,456,457,458,459,460,461,472,473,474,475,476,477,478,479,480,481,513,514,515,516,517,518,519,520,521,522,549,550,551,552,553,554,555,556,557,558,773,774,775,776,777,778,779,780,781,782,982,983,984,985,1536,1537,1538,1539,1540,1541,1542,1543,1544,1545,1874,1875,1876,1877,1878,1879,1880,1881,1882,1883,1900,1901,1902,1920,1921,1922,2581,2582,2583,2584,2585,2586  
7          2              W30A3  MOTIF  2001-09-13 02:00:00.0  cca     255,256,304,307,328,438,440,465,466,467,468,469,482,515,555,563,564,683,692,693,694,743,778,782,828,829,830,832,865,866,867,868,935,943,944,947,948,950,1014,1178,1181,1182,1223,1343,1344,1345,1411,1412,1419,1489,1500,1501,1528,1529,1530,1531,1585,1663,1664,1668,1679,1728,1735,1740,1778,1796,1797,1798,1847,1860,1934,1935,1981,1982,1988,2023,2041,2049,2050,2117,2125,2127,2133,2139,2245,2246,2301,2302,2304,2305,2453,2454,2455,2462,2508,2509,2510,2513,2514,2516,2517,2623,2624,2625,2626,2627,2628,2630,2631,2687  
7          63             W30A3  MOTIF  2001-07-27 02:00:00.0  abc     207,208,209,210,211,241,242,243,244,245,246,292,293,294,295,353,354,355,356,357,365,366,367,368,494,544,545,546,547,548,763,764,765,766,767,768,769,831,832,833,834,871,872,889,953,954,955,956,957,963,964,965,966,967,968,969,970,974,1027,1028,1029,1030,1082,1083,1084,1085,1086,1087,1118,1119,1120,1121,1124,1125,1130,1131,1159,1160,1161,1162,1165,1171,1198,1200,1201,1202,1203,1204,1317,1318,1357,1358,1359,1367,1368,1369,1371,1372,1373,1374,1375,1376,1377,1378,1379,1381,1382,1411,1412,1414,1445,1446,1449,1450  
7          63             W30A3  MOTIF  2001-08-06 02:00:00.0  bca     217,218,219,220,221,237,238,254,255,256,259,260,271,272,273,303,304,305,363,384,452,453,504,526,554,555,556,557,558,842,843,844,865,866,867,868,881,882,921,922,935,936,937,949,978,979,980,984,1007,1010,1011,1012,1013,1036,1037,1056,1068,1092,1093,1094,1095,1096,1097,1098,1140,1141,1146,1181,1195,1196,1210,1211,1212,1213,1214,1215,1216,1217,1235,1236,1251,1252,1385,1386,1387,1388,1389,1391,1392,1424,1459,1460,1461,1462,1465,1486,1487,1488,1502,1524,1525,1526,1554,1555,1556,1557,1558,1559,1560,1582,1600,1601  
7          53             W30A3  MOTIF  2001-09-13 02:00:00.0  cca     255,256,304,307,328,438,440,465,466,467,468,469,482,515,555,563,564,683,692,693,694,743,778,782,828,829,830,832,865,866,867,868,935,943,944,947,948,950,1014,1178,1181,1182,1223,1343,1344,1345,1411,1412,1419,1459,1461,1462,1467,1489,1500,1501,1502,1504,1585,1663,1664,1668,1679,1729,1744,1746,1747,1748,1773,1774,1777,1778,1790,1791,1796,1797,1798,1842,1843,1860,1893,1938,1939,1940,1988,2000,2033,2034,2035,2048,2121,2128,2132,2133,2245,2246,2288,2289,2290,2305,2399,2400,2401,2407,2408,2453,2454,2455,2462,2623  
7          63             W30A3  MOTIF  2001-08-23 02:00:00.0  cac     234,261,262,263,269,270,282,342,343,344,345,346,347,435,436,440,441,460,461,462,463,465,466,484,534,535,536,571,572,573,574,632,633,750,751,799,800,852,853,876,877,878,948,1020,1021,1022,1042,1074,1075,1076,1110,1114,1158,1192,1193,1307,1308,1349,1435,1471,1472,1475,1476,1477,1506,1536,1590,1591,1593,1594,1637,1638,1639,1689,1690,1694,1715,1750,1754,1755,1776,1777,1778,1779,1836,1837,1838,1839,1840,1841,1842,1843,1844,1910,1911,1912,2008,2009,2010,2011,2012,2827,2828,2829,2830,2831,2832,2833,2834,2835,2836  
7          53             W30A3  MOTIF  2001-08-11 02:00:00.0  bca     222,223,257,258,271,272,284,285,286,287,305,306,367,382,383,384,385,386,390,391,435,453,454,462,496,503,504,516,556,557,558,559,560,598,599,600,622,623,649,650,678,695,696,697,698,699,740,741,744,745,746,747,748,773,774,775,776,777,780,781,823,824,825,859,860,861,862,922,923,927,936,949,975,976,977,978,979,980,1008,1013,1027,1035,1046,1047,1048,1049,1050,1051,1052,1053,1054,1055,1101,1102,1103,1104,1105,1177,1180,1210,1230,1231,1244,1245,1246,1247,1248,1249,1252,1253,1325,1326,1327,1328,1356,1378,1379,1405  
7          72             W30A3  MOTIF  2001-10-21 02:00:00.0  acb     293,294,295,296,297,298,299,300,301,302,353,354,355,356,369,375,376,424,425,426,427,428,429,430,431,454,496,500,501,502,503,551,552,553,616,617,618,619,620,621,670,671,672,673,674,675,676,677,678,690,731,735,736,737,738,769,770,771,843,895,896,897,899,900,901,902,913,914,920,942,972,973,974,975,976,977,979,980,1009,1189,1223,1224,1229,1300,1304,1305,1306,1307,1308,1309,1391,1392,1393,1394,1407,1408,1411,1412,1454,1457,1458,1459,1460,1461,1462,1480,1481,1482,1483,1484,1485,1486,1487,1488,1518,1519,1520,1524  
7          77             W30A3  MOTIF  2001-10-10 02:00:00.0  aac     282,283,284,285,286,287,288,289,290,291,405,406,407,408,409,410,411,412,413,414,507,508,509,510,511,512,513,514,515,516,604,605,606,607,608,609,610,611,612,613,707,708,709,710,711,712,713,714,715,716,750,751,752,753,754,755,756,757,758,759,855,856,857,858,859,860,861,862,863,864,871,872,873,874,875,876,877,953,954,955,956,957,958,959,960,976,977,982,983,984,985,986,987,1017,1018,1019,1053,1078,1079,1080,1081,1124,1125,1163,1187,1195,1263,1264,1265,1266,1267,1268,1269,1290,1291,1292,1293,1294,1295,1296,1360  
7          70             W30A3  MOTIF  2001-10-21 02:00:00.0  aca     293,294,295,296,297,298,299,300,301,302,332,333,334,335,336,337,338,339,340,341,409,410,411,412,413,414,415,432,463,464,465,466,467,468,469,470,500,501,502,520,521,522,549,550,551,552,614,615,616,617,618,619,620,621,622,623,691,692,693,694,695,696,697,698,699,700,723,724,725,726,727,728,729,730,731,732,765,766,767,808,809,810,811,812,813,814,815,816,817,865,866,867,868,869,870,871,872,873,874,887,888,920,921,964,965,966,967,968,969,970,971,972,973,1012,1013,1014,1015,1016,1017,1018,1019,1020,1021,1180,1181  
7          72             W30A3  MOTIF  2001-11-21 01:00:00.0  abc     324,325,326,327,328,329,330,331,372,373,374,410,411,415,416,417,418,420,421,422,423,453,455,456,457,458,459,460,488,489,490,494,495,498,499,550,646,647,648,658,668,669,717,718,719,720,721,722,723,724,725,726,727,730,762,763,764,765,766,767,813,814,815,903,904,917,918,919,969,970,992,997,998,1174,1175,1176,1177,1200,1201,1202,1227,1228,1395,1396,1397,1398,1399,1400,1414,1447,1448,1449,1450,1451,1452,1453,1475,1476,1517,1558,1595,1596,1597,1633,1634,1635,1647,1656,1663,1664,1665,1666,1668,1669,1670,1671,1695  
7          72             W30A3  MOTIF  2001-10-11 02:00:00.0  aac     283,284,285,286,287,288,289,290,291,292,323,412,413,414,419,485,486,487,492,493,547,548,549,602,603,604,605,606,607,608,609,610,611,639,640,641,642,643,644,645,667,689,715,716,728,729,761,800,801,802,803,804,805,806,817,818,819,820,821,822,885,886,887,888,889,890,891,892,893,894,908,912,960,961,962,963,964,965,966,968,991,995,996,1072,1073,1074,1075,1076,1077,1078,1079,1080,1081,1137,1138,1139,1140,1141,1142,1143,1144,1145,1146,1167,1170,1171,1172,1173,1178,1179,1226,1235,1291,1292,1293,1294,1295,1296,1297  

author_id  repository_id  type   label    date                   string  occurrences              
---------  -------------  -----  -------  ---------------------  ------  -----------------------  
1          6              W30A3  DISCORD  2008-01-27 01:00:00.0  bac     43.034869582700026:2582  
1          39             W30A3  DISCORD  2006-05-13 02:00:00.0  acc     1.4142135623730951:1958  
1          6              W30A3  DISCORD  2006-05-29 02:00:00.0  caa     45.803929962395145:1974  
1          6              W30A3  DISCORD  2006-05-28 02:00:00.0  caa     45.803929962395145:1973  
1          6              W30A3  DISCORD  2006-05-09 02:00:00.0  bac     46.119410230400824:1954  
1          6              W30A3  DISCORD  2006-05-07 02:00:00.0  bac     45.967379738244816:1952  
1          2              W30A3  DISCORD  2007-07-08 02:00:00.0  caa     11.704699910719626:2379  
1          2              W30A3  DISCORD  2006-05-27 02:00:00.0  caa     11.661903789690601:1972  
1          2              W30A3  DISCORD  2006-04-08 02:00:00.0  cba     11.704699910719626:1923  
1          28             W30A3  DISCORD  2006-04-12 02:00:00.0  cab     2.6457513110645907:1927  
1          2              W30A3  DISCORD  2005-03-05 01:00:00.0  cba     11.704699910719626:1524  
1          2              W30A3  DISCORD  2004-11-11 01:00:00.0  cba     11.661903789690601:1410  
1          2              W30A3  DISCORD  2004-11-10 01:00:00.0  cba     11.661903789690601:1409  
1          2              W30A3  DISCORD  2004-11-09 01:00:00.0  cba     11.661903789690601:1408  
1          2              W30A3  DISCORD  2004-11-08 01:00:00.0  cba     11.661903789690601:1407  
1          2              W30A3  DISCORD  2004-08-08 02:00:00.0  caa     11.661903789690601:1315  
1          40             W30A3  DISCORD  2006-05-13 02:00:00.0  acc     1.4142135623730951:1958  
1          54             W30A3  DISCORD  2005-03-09 01:00:00.0  cab     1.4142135623730951:1528  
1          6              W30A3  DISCORD  2006-09-04 02:00:00.0  acb     44.339598554790726:2072  
1          6              W30A3  DISCORD  2008-01-28 01:00:00.0  bac     43.034869582700026:2583  

W30A5  
author_id  repository_id  type   label  date                   string  occurrences                                                                                                                                                                                                                                                                                                                                                                                                                                                                                                                      
---------  -------------  -----  -----  ---------------------  ------  -------------------------------------------------------------------------------------------------------------------------------------------------------------------------------------------------------------------------------------------------------------------------------------------------------------------------------------------------------------------------------------------------------------------------------------------------------------------------------------------------------------------------------  
1          63             W30A5  MOTIF  2001-06-03 02:00:00.0  ebbbb   153,154,155,156,157,158,272,297,298,299,300,301,302,328,329,330,331,332,333,398,537,593,594,595,596,597,598,709,710,711,712,713,714,761,762,763,764,765,766,816,817,818,819,820,821,872,873,874,875,876,877,933,934,935,936,937,938,964,965,966,967,968,969,1063,1064,1065,1066,1067,1068,1154,1308,1309,1310,1364,1434,1435,1496,1497,1500,1577,1636,1637,1638,1639,1640,1641,1724,1725,1726,1727,1728,1729,1867,1868,1869,1870,1871,1974,1975,1976,1977,1978,1979,2280,2281,2282,2283,2284,2285,2865,2866,2867,2868,2869,2870  
1          77             W30A5  MOTIF  2002-01-02 01:00:00.0  bbbbe   366,367,368,369,370,371,422,423,424,425,426,427,548,549,550,551,552,553,668,669,670,671,672,673,723,724,725,726,727,728,769,770,771,772,773,774,869,870,871,872,873,874,989,990,991,992,993,994,1061,1062,1106,1107,1108,1109,1110,1111,1133,1298,1299,1300,1301,1302,1332,1333,1334,1335,1336,1337,1370,1371,1385,1386,1448,1449,1450,1451,1452,1453,1513,1514,1515,1516,1517,1518,1693,1694,1695,1696,1697,1698,1807,1808,1809,1810,1811,1812,1837,1838,1839,2256,2257,2258,2259,2260,2261,2601,2602,2603,2604,2605,2606,2846  
****
1          77             W30A5  MOTIF  2002-01-31 01:00:00.0  ebbbb   395,396,397,398,399,400,521,522,523,524,525,526,613,614,615,616,617,618,692,693,694,695,696,697,759,760,761,762,763,764,796,797,798,799,800,801,803,804,805,806,807,808,914,915,916,917,918,919,1055,1056,1081,1082,1083,1084,1085,1086,1242,1292,1293,1294,1295,1296,1321,1322,1323,1324,1325,1326,1364,1365,1430,1431,1432,1433,1434,1435,1494,1495,1496,1497,1498,1499,1609,1610,1611,1612,1613,1614,1717,1718,1719,1720,1721,1722,1831,1832,1833,1985,1986,1987,1988,1989,1990,2293,2294,2295,2296,2297,2298,2625,2626,2627  
****
1          70             W30A5  MOTIF  2001-11-30 01:00:00.0  ebbbb   333,334,335,336,337,338,390,391,392,393,394,395,450,451,452,453,454,455,508,509,510,511,512,513,572,573,574,575,576,577,753,754,755,756,757,758,874,875,876,877,878,879,914,915,916,917,918,919,1076,1077,1078,1079,1080,1081,1159,1160,1161,1162,1163,1164,1243,1244,1245,1246,1247,1248,1364,1365,1366,1367,1368,1369,1410,1411,1412,1413,1414,1415,1595,1596,1597,1598,1599,1600,1766,1767,1768,1769,1770,1771,1922,1923,1924,1925,1974,1975,1976,1977,1978,1979,2014,2015,2016,2017,2018,2019,2390,2391,2392,2393,2394,2395  
7          72             W30A5  MOTIF  2001-11-10 01:00:00.0  bebbb   313,473,474,852,853,854,855,856,1011,1012,1013,1055,1056,1057,1058,1059,1090,1091,1092,1093,1094,1095,1155,1156,1157,1189,1211,1231,1284,1322,1323,1324,1325,1326,1327,1378,1379,1380,1503,1544,1581,1582,1583,1584,1659,1925,1926,1927,1946,1947,2046,2082,2083,2084,2085,2086,2087,2168,2169,2170,2171,2311,2312,2313,2314,2630,2631,2632,2633,2674,2693,2694,2695,2696,2697,2698,2866,2867,2868,2869,2870,2871,2936,2937,2938,2973,2974,2975,2976,2977,2978,3054,3055,3092,3093,3094,3095,3118,3119,3120,3121,3122,3123,3165  
25         10             W30A5  MOTIF  2001-12-07 01:00:00.0  ebbbb   340,341,342,343,344,345,544,545,546,547,548,549,685,686,687,688,689,690,821,858,859,860,861,862,863,888,889,890,891,892,893,958,959,960,961,962,963,993,1018,1019,1020,1021,1022,1023,1094,1095,1096,1097,1098,1099,1173,1174,1175,1176,1177,1178,1229,1230,1231,1232,1233,1234,1326,1327,1328,1329,1330,1331,1385,1386,1387,1388,1389,1390,1490,1491,1492,1493,1494,1495,1586,1587,1588,1589,1590,1591,1628,1629,1630,1631,1632,1633,1677,1678,1679,1680,1681,1682,1734,1735,1736,1737,1738,1739,1801,1802,1803,1804,1805,1806  
25         151            W30A5  MOTIF  2003-02-17 01:00:00.0  bbbeb   777,778,779,780,781,782,811,812,887,888,889,938,939,940,941,942,943,980,981,982,983,984,985,1077,1078,1079,1080,1081,1082,1218,1219,1220,1221,1222,1223,1246,1247,1278,1279,1447,1448,1449,1450,1451,1452,1493,1494,1495,1496,1497,1498,1652,1653,1654,1655,1656,1657,1750,1934,1935,1936,1937,1938,1939,1988,1989,1990,1991,1992,1993,2029,2030,2031,2032,2033,2318,2319,2320,2321,2322,2323,2347,2348,2349,2350,2351,2352,2624,2625,2626,2627,2628,2629,2682,2683,2684,2685,2686,2687,2749,2750,2751,2752,2753,2754,2816,2817  
25         150            W30A5  MOTIF  2002-03-18 01:00:00.0  bbbeb   441,442,443,444,445,446,716,717,718,719,720,721,944,945,946,947,948,949,993,994,995,996,997,1188,1189,1190,1191,1192,1193,1247,1302,1303,1304,1305,1306,1307,1485,1486,1487,1488,1489,1490,1547,1548,1549,1550,1551,1577,1578,1579,1580,1581,1582,1659,1660,1661,1662,1663,1664,1689,1690,1691,1692,1693,1694,1716,1717,1718,1719,1720,1721,1916,1917,1918,1919,1979,1980,1981,2094,2095,2096,2097,2098,2099,2197,2198,2199,2200,2201,2202,2241,2242,2243,2244,2245,2246,2301,2302,2427,2428,2451,2452,2453,2454,2455,2456,2511  
26         147            W30A5  MOTIF  2002-06-01 02:00:00.0  bebbb   516,535,536,537,538,539,540,661,701,702,739,790,791,792,793,794,795,837,838,839,840,841,842,916,917,918,919,920,1011,1012,1066,1089,1090,1091,1092,1093,1094,1123,1226,1227,1228,1229,1316,1317,1361,1362,1363,1364,1365,1375,1376,1377,1378,1379,1399,1400,1401,1402,1403,1425,1426,1427,1428,1429,1504,1505,1506,1507,1508,1509,1572,1573,1592,1593,1594,1595,1596,1597,1837,1838,1839,1840,1841,1842,1908,1909,1910,1911,1912,1913,2051,2052,2053,2054,2055,2056,2115,2116,2117,2118,2119,2120,2257,2258,2259,2260,2261,2262  
25         171            W30A5  MOTIF  2003-01-11 01:00:00.0  bbebb   740,741,783,784,785,786,787,788,810,811,812,813,814,815,865,866,867,868,869,870,908,909,910,911,926,927,928,929,1006,1007,1008,1009,1010,1011,1031,1032,1083,1084,1085,1086,1087,1088,1117,1118,1119,1120,1121,1122,1278,1279,1280,1281,1282,1283,1394,1395,1396,1397,1398,1399,1419,1420,1421,1422,1423,1424,1450,1451,1452,1453,1454,1513,1531,1709,1710,1711,1712,1713,1714,1943,1944,1971,1972,1973,1974,1975,1976,2073,2074,2075,2076,2077,2078,2223,2224,2225,2226,2227,2228,2519,2520,2521,2522,2523,2524,2561,2562,2563  
25         170            W30A5  MOTIF  2001-08-16 02:00:00.0  bebbb   227,228,229,230,231,232,299,300,301,302,303,304,335,336,337,338,339,340,426,427,428,429,708,791,792,793,794,818,819,820,821,879,880,881,882,883,884,927,1045,1064,1065,1066,1067,1068,1069,1163,1164,1165,1166,1167,1217,1218,1219,1220,1221,1222,1297,1298,1346,1347,1412,1413,1414,1415,1416,1474,1475,1476,1477,1527,1590,1591,1592,1593,1620,1621,1622,1687,1688,1689,1708,1709,1728,1729,1730,1731,1732,1733,1762,1763,1764,1765,1766,1840,1841,1946,1947,1948,1949,1950,1951,1992,1993,1994,1995,1996,1997,2031,2032,2033  
25         171            W30A5  MOTIF  2003-01-05 01:00:00.0  bbbeb   734,735,736,737,738,739,779,780,781,782,804,805,806,807,808,809,859,860,861,862,863,864,902,903,904,905,906,907,1000,1001,1002,1003,1004,1005,1025,1026,1077,1078,1079,1080,1081,1082,1111,1112,1113,1114,1115,1116,1246,1247,1311,1388,1389,1390,1391,1392,1393,1413,1414,1415,1416,1417,1418,1444,1445,1446,1447,1448,1507,1508,1509,1510,1511,1512,1703,1704,1705,1706,1707,1708,1937,1938,1965,1966,1967,1968,1969,1970,2067,2068,2069,2070,2071,2072,2217,2218,2219,2220,2221,2222,2513,2514,2515,2516,2517,2518,2555,2556  
80         150            W30A5  MOTIF  2003-03-16 01:00:00.0  bebbb   804,805,806,807,808,866,867,868,869,870,871,895,896,897,898,899,900,984,985,986,987,988,989,1060,1061,1062,1063,1064,1065,1099,1100,1101,1102,1103,1104,1151,1152,1153,1154,1155,1156,1259,1260,1261,1262,1263,1424,1425,1426,1427,1428,1429,1459,1460,1461,1462,1463,1464,1496,1497,1498,1499,1500,1501,1531,1578,1579,1580,1581,1582,1583,1614,1615,1616,1617,1618,1707,1708,1709,1710,1711,1712,1789,1790,1854,1855,1856,1857,1888,1908,1909,1910,1911,1912,2001,2002,2003,2004,2005,2006,2029,2030,2031,2032,2104,2105,2106  
84         171            W30A5  MOTIF  2002-12-31 01:00:00.0  bbbeb   729,730,947,948,949,950,951,952,1000,1001,1024,1025,1026,1027,1028,1080,1081,1082,1083,1132,1133,1134,1174,1260,1261,1262,1263,1264,1265,1364,1365,1366,1367,1368,1369,1409,1410,1411,1412,1413,1414,1471,1472,1576,1577,1578,1579,1580,1581,1727,1728,1729,1730,1731,1732,1819,1820,1821,1822,1902,1903,1904,1905,1906,1907,2010,2011,2012,2013,2014,2015,2067,2068,2069,2070,2071,2095,2096,2097,2098,2099,2100,2123,2124,2125,2178,2179,2180,2181,2182,2183,2270,2271,2272,2273,2274,2275,2337,2451,2570,2571,2572,2573,2574  
84         171            W30A5  MOTIF  2003-01-24 01:00:00.0  bebbb   753,754,959,960,961,962,963,964,1012,1013,1053,1054,1055,1056,1057,1058,1104,1105,1106,1107,1162,1220,1239,1240,1241,1242,1243,1272,1273,1274,1275,1276,1277,1376,1377,1378,1379,1380,1381,1438,1439,1440,1441,1442,1443,1495,1496,1588,1589,1590,1591,1592,1593,1739,1740,1741,1742,1743,1744,1853,1854,1855,1856,1857,1858,1914,1915,1916,1917,1918,1919,2022,2023,2024,2025,2026,2027,2079,2080,2081,2082,2083,2107,2108,2109,2110,2111,2112,2149,2150,2151,2152,2153,2154,2190,2191,2192,2193,2194,2195,2319,2597,2616,2617  
84         171            W30A5  MOTIF  2003-01-26 01:00:00.0  ebbbb   755,756,757,758,759,760,898,899,900,901,902,903,965,966,967,968,969,970,1059,1060,1061,1062,1063,1064,1108,1109,1110,1111,1112,1113,1226,1245,1246,1247,1248,1249,1250,1278,1279,1280,1281,1282,1283,1382,1383,1384,1385,1386,1387,1444,1445,1446,1447,1448,1449,1497,1498,1499,1500,1501,1502,1594,1595,1596,1597,1598,1599,1745,1746,1747,1748,1749,1750,1859,1860,1861,1862,1863,1864,1920,1921,1922,1923,1924,1925,2028,2085,2086,2087,2088,2113,2155,2156,2157,2158,2159,2160,2196,2197,2198,2199,2200,2201,2320,2321,2322  
89         171            W30A5  MOTIF  2003-09-25 02:00:00.0  bbbbe   997,998,999,1000,1001,1002,1038,1039,1040,1041,1042,1043,1073,1074,1075,1343,1344,1487,1488,1489,1490,1491,1492,1594,1749,1750,1858,1859,1959,1960,1961,1962,1963,1964,2095,2096,2097,2098,2099,2100,2228,2229,2230,2231,2232,2233,2259,2260,2533,2534,2535,2536,2537,2538,2604,2605,2606,2607,2608,2609,2665,2666,2667,2722,2723,2724,2725,2726,2727,2813,2814,2815,2816,2817,2818,2845,2846,2847,2848,2849,2850,2946,2947,2948,2949,2950,2951,3038,3039,3040,3041,3042,3043,3089,3090,3091,3221,3222,3223,3224,3225,3226,3263  
50         143            W30A5  MOTIF  2002-06-22 02:00:00.0  bbbeb   537,538,539,540,541,588,669,670,714,715,716,717,718,719,746,971,972,973,1049,1050,1051,1052,1053,1115,1116,1117,1118,1119,1120,1204,1205,1206,1207,1208,1209,1248,1249,1250,1251,1318,1319,1320,1321,1322,1323,1357,1358,1359,1401,1402,1451,1452,1453,1454,1455,1456,1475,1476,1477,1478,1479,1480,1534,1535,1536,1537,1538,1539,1610,1611,1612,1613,1614,1658,1659,1660,1661,1662,1663,1703,1759,1760,1761,1762,1788,1789,1790,1791,1792,1793,1820,1821,1822,1823,1824,1825,1881,1882,1883,1884,1885,1886,1906,1907,1908,1909  
54         149            W30A5  MOTIF  2002-10-06 02:00:00.0  bebbb   643,644,645,646,647,648,795,796,797,798,799,800,853,854,855,856,857,858,1396,1397,1398,1399,1400,1401,1469,1470,1471,1472,1473,1474,1624,1625,1626,1627,1665,1666,1667,1668,1669,1670,1742,1743,1744,1745,1746,1747,1774,1775,1776,1777,1796,1797,1798,1799,1800,1801,1854,1855,1856,1857,1897,1898,1899,1900,1901,1902,1972,2146,2147,2148,2149,2150,2151,2215,2216,2217,2218,2219,2220,2369,2370,2371,2372,2373,2374,2437,2438,2439,2440,2441,2442,2512,2513,2514,2515,2516,2517,2740,2741,2742,2743,2744,2745,3209,3210,3211  
78         142            W30A5  MOTIF  2002-10-25 02:00:00.0  ebbbb   662,663,664,665,705,706,707,708,709,710,788,789,790,791,792,793,926,927,928,929,930,931,978,979,980,981,982,983,1013,1014,1015,1016,1017,1018,1066,1067,1068,1069,1070,1071,1272,1273,1274,1275,1276,1277,1434,1435,1436,1437,1438,1439,1482,1532,1533,1612,1613,1648,1649,1650,1651,1652,1653,1691,1692,1693,1694,1695,1696,1775,1776,1777,1778,1779,1780,1837,1880,1881,1951,1952,1953,1954,1955,1956,2018,2019,2020,2021,2022,2023,2140,2141,2142,2143,2144,2145,2272,2273,2274,2275,2276,2277,2365,2366,2367,2392,2393,2394  

author_id  repository_id  type   label    date                   string  occurrences              
---------  -------------  -----  -------  ---------------------  ------  -----------------------  
1          6              W30A5  DISCORD  2006-05-07 02:00:00.0  daade   45.967379738244816:1952  
1          2              W30A5  DISCORD  2006-05-25 02:00:00.0  bebbb   11.704699910719626:1970  
1          28             W30A5  DISCORD  2006-04-12 02:00:00.0  edaac   2.6457513110645907:1927  
1          2              W30A5  DISCORD  2006-05-16 02:00:00.0  bbceb   11.269427669584644:1961  
1          6              W30A5  DISCORD  2007-07-11 02:00:00.0  acaed   45.967379738244816:2382  
1          6              W30A5  DISCORD  2007-07-12 02:00:00.0  acaed   45.155287619502545:2383  
1          6              W30A5  DISCORD  2007-07-13 02:00:00.0  bbbed   44.609416046390926:2384  
1          6              W30A5  DISCORD  2007-07-15 02:00:00.0  daecb   44.654227123532216:2386  
1          54             W30A5  DISCORD  2005-03-07 01:00:00.0  bebbd   1.4142135623730951:1526  
1          39             W30A5  DISCORD  2006-05-09 02:00:00.0  bbbee   1.4142135623730951:1954  
1          2              W30A5  DISCORD  2005-03-31 02:00:00.0  cbaec   11.704699910719626:1550  
1          53             W30A5  DISCORD  2005-01-30 01:00:00.0  bebbc   12.727922061357855:1490  
1          6              W30A5  DISCORD  2007-07-28 02:00:00.0  ecbac   46.010868281309364:2399  
1          44             W30A5  DISCORD  2006-05-09 02:00:00.0  bbbee   1.4142135623730951:1954  
1          6              W30A5  DISCORD  2007-07-20 02:00:00.0  aeceb   43.508619835614184:2391  
1          51             W30A5  DISCORD  2006-05-05 02:00:00.0  addad   1.4142135623730951:1950  
1          2              W30A5  DISCORD  2006-05-31 02:00:00.0  ebbbb   11.661903789690601:1976  
1          6              W30A5  DISCORD  2007-07-10 02:00:00.0  adaec   45.077710678338576:2381  
1          40             W30A5  DISCORD  2006-05-09 02:00:00.0  bbbee   1.4142135623730951:1954  
1          6              W30A5  DISCORD  2006-05-11 02:00:00.0  daadd   46.119410230400824:1956  

W30A7  
author_id  repository_id  type   label  date                   string   occurrences                                                                                                                                                                                                                                                                                                                                                                                                                                                                                                                      
---------  -------------  -----  -----  ---------------------  -------  -------------------------------------------------------------------------------------------------------------------------------------------------------------------------------------------------------------------------------------------------------------------------------------------------------------------------------------------------------------------------------------------------------------------------------------------------------------------------------------------------------------------------------  
7          70             W30A7  MOTIF  2001-11-06 01:00:00.0  gcccccc  309,310,311,312,348,349,350,351,477,478,479,480,529,530,531,532,565,566,567,568,630,631,632,633,707,708,709,710,739,740,741,742,781,782,783,784,824,825,826,827,936,937,938,939,980,981,982,983,1028,1029,1030,1031,1229,1230,1231,1232,1442,1443,1444,1445,1509,1510,1511,1512,1558,1559,1589,1590,1591,1592,1691,1692,1693,1694,1793,1794,1795,1796,1873,1874,1875,1876,1950,1951,1952,1979,1980,1981,1982,2129,2130,2131,2132,2241,2242,2243,2244,2276,2277,2278,2279,2829,2830,2831,2832,3021,3022,3023,3024,3063,3064,3065  
25         36             W30A7  MOTIF  2003-09-06 02:00:00.0  gcccccc  978,979,980,1077,1104,1105,1106,1107,1149,1150,1151,1152,1274,1275,1276,1277,1467,1468,1469,1470,1625,1643,1644,1645,1646,1846,2036,2037,2038,2078,2079,2080,2081,2114,2115,2116,2117,2148,2149,2150,2151,2241,2265,2266,2267,2268,2342,2343,2344,2345,2393,2394,2395,2422,2423,2424,2425,2458,2459,2460,2461,2506,2507,2508,2509,2541,2542,2543,2544,2686,2687,2688,2689,2752,2847,2848,2849,2885,2886,2887,2888,2926,2927,2928,2929,2965,2966,2967,2968,3128,3129,3130,3131,3193,3194,3195,3196,3333,3334,3335,3336,3381,3382  
25         171            W30A7  MOTIF  2003-03-09 01:00:00.0  gcccccc  797,824,825,826,827,879,880,881,882,938,939,940,941,1045,1046,1047,1048,1097,1098,1099,1100,1131,1132,1133,1134,1292,1293,1294,1295,1342,1343,1344,1345,1433,1434,1435,1436,1464,1465,1466,1467,1540,1541,1542,1543,1628,1629,1630,1631,1723,1724,1725,1726,1957,1958,1985,1986,1987,1988,2087,2088,2089,2090,2237,2238,2239,2240,2533,2534,2535,2536,2575,2576,2577,2578,2631,2632,2633,2634,2679,2680,2681,2682,2750,2751,2752,2753,2801,2802,2803,2804,2933,2934,2935,2936,3029,3030,3031,3032,3107,3108,3109,3110,3186,3187  
25         170            W30A7  MOTIF  2001-07-29 02:00:00.0  ccccccg  209,210,211,212,281,282,283,284,317,318,319,320,406,407,408,409,625,626,627,628,646,721,722,723,724,758,759,833,834,835,836,891,892,1008,1009,1010,1011,1123,1124,1125,1126,1176,1177,1178,1179,1238,1239,1240,1241,1305,1306,1307,1308,1373,1374,1375,1376,1600,1601,1602,1669,1670,1671,1672,1743,1744,1745,1746,1774,1816,1817,1818,1819,1890,1891,1892,1893,1974,1975,1976,1977,2013,2014,2015,2016,2081,2082,2083,2084,2166,2167,2168,2169,2211,2212,2213,2214,2278,2279,2280,2281,2341,2342,2343,2344,2415,2416,2417,2418  
25         150            W30A7  MOTIF  2002-03-25 01:00:00.0  cccgccc  448,449,450,451,723,724,725,726,799,951,952,953,954,1000,1001,1002,1195,1196,1197,1198,1309,1310,1311,1312,1492,1493,1494,1495,1554,1555,1556,1584,1585,1586,1587,1666,1667,1668,1669,1696,1697,1698,1699,1723,1724,1725,1726,1983,1984,1985,1986,2204,2205,2206,2207,2248,2249,2250,2251,2458,2459,2460,2461,2518,2519,2520,2521,2658,2659,2660,2661,2694,2695,2696,2697,2722,2723,2724,2739,2740,2741,2890,2891,2907,2908,2977,2978,2979,2980,3001,3002,3003,3004,3131,3132,3133,3134,3151,3152,3153,3154,3172,3173,3174,3175  
25         150            W30A7  MOTIF  2002-04-07 02:00:00.0  gcccccc  461,462,463,464,539,540,541,546,547,548,549,736,737,738,739,812,813,814,815,964,965,966,967,1013,1014,1015,1016,1208,1209,1210,1211,1274,1275,1276,1277,1322,1323,1324,1325,1505,1506,1507,1508,1567,1568,1569,1570,1632,1633,1634,1635,1679,1680,1681,1682,1709,1736,1737,1738,1739,1974,1996,1997,1998,1999,2129,2130,2131,2132,2217,2218,2219,2220,2261,2262,2263,2264,2345,2346,2347,2348,2471,2472,2473,2474,2531,2532,2533,2534,2575,2576,2577,2578,2671,2672,2673,2674,2707,2708,2779,2780,2781,2782,2918,2919,2920,2921  
80         8              W30A7  MOTIF  2001-11-27 01:00:00.0  gcccccc  330,331,332,333,393,394,395,396,468,469,470,471,629,630,631,632,820,821,822,823,852,853,854,855,906,907,908,909,1322,1323,1324,1325,1356,1357,1358,1359,1399,1400,1401,1402,1440,1441,1442,1443,1503,1504,1505,1506,1566,1567,1568,1569,1674,1675,1676,1677,1716,1717,1718,1719,1761,1762,1763,1764,1803,1804,1805,1806,1839,1866,1867,1868,1869,1933,1934,1935,1936,1978,1979,1980,1981,2042,2043,2044,2045,2125,2126,2127,2128,2167,2168,2169,2170,2265,2266,2267,2268,2309,2310,2311,2312,2406,2407,2408,2409,2448,2449,2450  
80         150            W30A7  MOTIF  2002-05-20 02:00:00.0  ccccccg  504,505,506,507,756,757,758,759,835,836,837,838,878,879,880,966,967,968,969,1042,1043,1044,1045,1081,1082,1083,1084,1133,1134,1135,1136,1240,1241,1242,1243,1406,1407,1408,1409,1441,1442,1443,1444,1478,1479,1480,1481,1508,1509,1510,1511,1560,1561,1562,1563,1595,1596,1597,1598,1689,1690,1691,1692,1729,1730,1731,1732,1802,1803,1804,1805,1983,1984,1985,1986,2086,2087,2088,2089,2136,2137,2138,2139,2212,2213,2214,2215,2288,2289,2290,2291,2388,2389,2390,2391,2542,2543,2544,2545,2577,2578,2579,2580,2682,2683,2684   
80         150            W30A7  MOTIF  2002-06-21 02:00:00.0  gcccccc  536,537,538,539,812,813,814,815,874,875,876,903,904,905,906,992,993,994,995,1068,1069,1070,1071,1107,1108,1109,1110,1159,1160,1161,1162,1267,1268,1269,1270,1432,1433,1434,1435,1467,1468,1469,1470,1504,1505,1506,1507,1539,1540,1541,1542,1586,1587,1588,1589,1622,1623,1624,1629,1630,1631,1632,1715,1716,1717,1718,1793,1794,1795,1796,1973,1974,1975,1976,2037,2038,2039,2040,2112,2113,2114,2115,2169,2170,2171,2172,2260,2261,2262,2263,2345,2346,2347,2348,2414,2415,2416,2417,2568,2569,2570,2571,2603,2604,2605,2606   
25         149            W30A7  MOTIF  2002-03-12 01:00:00.0  ccccccg  435,436,437,438,505,506,507,508,710,711,712,713,771,772,773,774,878,879,880,881,982,983,984,985,1190,1191,1192,1193,1241,1242,1243,1244,1297,1298,1299,1300,1535,1536,1537,1538,1597,1598,1599,1600,1669,1670,1671,1672,1710,1711,1712,1713,1821,1822,1823,1824,1868,1869,1870,1871,1927,1928,1929,1930,2046,2047,2048,2049,2142,2143,2144,2145,2312,2313,2314,2315,2373,2374,2375,2376,2549,2550,2551,2552,2667,2668,2669,2670,2779,2780,2781,2782,2856,2857,2858,2859,2892,2893,2894,2895,2988,2989,2990,2991,3038,3039,3040   
25         151            W30A7  MOTIF  2003-02-11 01:00:00.0  ccccccg  771,772,773,774,805,806,807,808,878,879,880,881,932,933,934,935,974,975,976,977,1071,1072,1073,1074,1212,1213,1214,1215,1242,1243,1441,1442,1443,1444,1489,1490,1592,1593,1594,1595,1646,1647,1648,1649,1744,1745,1746,1747,1928,1929,1930,1931,1982,1983,1984,1985,2022,2023,2024,2025,2312,2313,2314,2315,2342,2343,2344,2618,2619,2620,2621,2676,2677,2678,2679,2711,2712,2713,2714,2810,2811,2812,2813,2892,2893,2894,2895,3039,3040,3041,3042,3087,3088,3089,3090,3179,3180,3181,3182,3235,3236,3237,3238,3265,3266,3397    
25         149            W30A7  MOTIF  2002-04-07 02:00:00.0  gcccccc  461,462,463,464,546,547,548,549,740,741,742,743,812,813,814,815,904,905,906,907,1012,1013,1014,1015,1216,1217,1218,1219,1274,1275,1276,1277,1323,1324,1325,1326,1567,1568,1569,1570,1635,1636,1637,1638,1695,1696,1697,1698,1736,1737,1738,1739,1852,1853,1854,1855,1894,1895,1896,1897,1975,1976,1977,1978,2091,2092,2093,2094,2168,2169,2170,2171,2345,2346,2347,2348,2399,2400,2401,2402,2575,2576,2577,2578,2715,2716,2717,2718,2843,2844,2845,2846,2882,2883,2884,2885,2918,2919,2920,2921,3014,3015,3016,3017,3072,3073    
25         36             W30A7  MOTIF  2003-10-17 02:00:00.0  cccgccc  1019,1020,1034,1035,1036,1037,1091,1092,1093,1094,1136,1137,1138,1139,1367,1368,1369,1370,1408,1630,1631,1632,1633,1815,1941,2101,2102,2103,2104,2135,2136,2137,2138,2297,2298,2299,2300,2380,2381,2382,2383,2409,2410,2411,2412,2445,2446,2447,2448,2493,2528,2529,2530,2590,2591,2592,2593,2673,2674,2675,2676,2711,2712,2713,2714,2738,2739,2757,2758,2759,2760,2837,2952,2953,2954,2955,3019,3036,3051,3052,3053,3054,3073,3074,3075,3076,3093,3094,3095,3096,3115,3116,3117,3118,3180,3181,3182,3183,3368,3369,3370,3371    
25         154            W30A7  MOTIF  2002-03-18 01:00:00.0  ccccccg  441,442,443,444,681,682,683,684,729,730,731,732,771,772,773,774,881,882,883,884,1123,1124,1125,1126,1197,1198,1199,1200,1227,1228,1229,1305,1306,1307,1308,1437,1438,1439,1440,1527,1528,1529,1530,1599,1600,1601,1602,1710,1711,1712,1713,1920,1921,1922,1923,1958,2039,2040,2041,2042,2142,2143,2144,2145,2549,2550,2551,2552,2723,2724,2725,2726,2765,2766,2767,2768,2807,2808,2809,2810,2844,2845,2846,2900,2901,2902,2903,2939,2940,2941,2942,3001,3055,3056,3057,3058,3139,3140,3141,3142,3264,3265,3266,3267,3356,3357    
25         154            W30A7  MOTIF  2002-04-26 02:00:00.0  gcccccc  480,481,482,483,707,708,709,710,763,764,765,766,810,811,812,813,908,909,910,911,1149,1150,1151,1152,1223,1224,1225,1274,1275,1276,1277,1342,1343,1344,1345,1463,1464,1465,1466,1566,1567,1568,1569,1627,1628,1629,1630,1736,1737,1738,1739,1954,1994,1995,1996,1997,2065,2066,2067,2068,2168,2169,2170,2171,2575,2576,2577,2578,2750,2751,2752,2753,2799,2800,2801,2802,2840,2841,2842,2896,2897,2898,2899,2926,2927,2928,2929,2997,3037,3038,3039,3040,3094,3095,3096,3097,3190,3191,3192,3193,3297,3298,3299,3300,3382,3383    
80         150            W30A7  MOTIF  2003-02-11 01:00:00.0  cccgccc  771,772,890,891,892,893,979,980,981,982,1055,1056,1057,1058,1094,1095,1096,1097,1146,1147,1148,1149,1254,1255,1256,1419,1420,1421,1422,1454,1455,1456,1457,1491,1492,1493,1494,1573,1574,1575,1576,1609,1610,1611,1702,1703,1704,1705,1815,1816,1817,1818,1835,1852,1903,1904,1905,1906,1996,1997,1998,1999,2024,2025,2099,2100,2101,2102,2225,2226,2227,2228,2247,2248,2249,2250,2302,2303,2401,2402,2403,2404,2555,2556,2557,2558,2590,2591,2592,2593,2696,2697,2698,2918,2919,2920,2921,2949,2950,2951,2952,3031,3032,3033    
7          70             W30A7  MOTIF  2001-10-24 02:00:00.0  cccgccc  296,297,298,299,335,336,337,338,412,413,414,415,464,465,466,467,617,618,619,620,694,695,696,697,726,727,728,729,811,812,813,814,868,869,870,871,967,968,969,970,1015,1016,1017,1018,1183,1184,1185,1496,1497,1498,1499,1576,1678,1679,1680,1681,1780,1781,1782,1783,1860,1861,1862,1863,1937,1938,1939,1940,1966,1967,1968,1969,2116,2117,2118,2119,2228,2229,2230,2231,2263,2264,2265,2266,2816,2817,3008,3009,3010,3011,3050,3051,3052,3053,3149,3150,3151,3152,3242,3243,3244,3245,3316,3317,3318,3319,3346,3347,3348,3349    
7          77             W30A7  MOTIF  2001-10-10 02:00:00.0  ccccccg  282,283,284,285,405,406,407,408,507,508,509,510,604,605,606,607,707,708,709,710,750,751,752,753,855,856,857,858,953,954,1263,1290,1360,1361,1362,1363,1514,1515,1516,1517,1687,1688,1689,1690,1802,1803,1804,1805,1973,1974,1975,1976,2016,2017,2018,2019,2094,2095,2096,2097,2193,2194,2195,2196,2250,2251,2252,2253,2351,2352,2353,2354,2409,2410,2411,2412,2466,2467,2468,2469,2502,2503,2504,2505,2558,2559,2560,2561,2759,2760,2761,2762,2803,2804,2805,2806,2852,2905,2906,2907,2908,3005,3006,3007,3008,3035,3088,3089    
89         10             W30A7  MOTIF  2004-02-17 01:00:00.0  gcccccc  1142,1143,1144,1145,1237,1238,1239,1240,1307,1308,1309,1310,1342,1343,1344,1345,1434,1435,1436,1437,1657,1658,1659,1660,1737,1738,1739,1740,1803,1889,1890,1891,1892,1953,1954,1955,1956,1996,1997,1998,1999,2043,2044,2045,2046,2083,2084,2085,2086,2154,2155,2156,2157,2280,2281,2282,2283,2311,2312,2313,2314,2356,2357,2358,2359,2534,2535,2536,2570,2571,2572,2573,2637,2638,2639,2640,2832,2833,2834,2835,2941,2942,2943,2944,3086,3087,3088,3089,3193,3194,3195,3196,3224,3225,3252,3253,3254,3255,3350,3351,3352,3379    
89         10             W30A7  MOTIF  2004-01-22 01:00:00.0  ccccccg  1116,1117,1118,1119,1211,1212,1213,1214,1281,1282,1283,1284,1316,1317,1318,1319,1381,1382,1383,1384,1444,1445,1446,1447,1662,1663,1664,1665,1742,1743,1744,1745,1904,1905,1906,1907,1967,1968,1969,1970,1971,1972,1973,2057,2058,2059,2060,2089,2090,2091,2092,2190,2191,2192,2193,2285,2286,2287,2288,2316,2317,2318,2319,2458,2459,2460,2461,2538,2539,2540,2598,2599,2600,2601,2778,2779,2780,2781,2915,2916,2917,2918,3060,3061,3062,3063,3157,3158,3159,3160,3198,3199,3200,3201,3228,3229,3312,3313,3314,3315,3354,3355    

author_id  repository_id  type   label    date                   string   occurrences              
---------  -------------  -----  -------  ---------------------  -------  -----------------------  
1          28             W30A7  DISCORD  2006-01-11 01:00:00.0  bbbbgbg  1.4142135623730951:1836  
1          6              W30A7  DISCORD  2006-05-26 02:00:00.0  cggbbbb  45.803929962395145:1971  
1          28             W30A7  DISCORD  2006-04-12 02:00:00.0  fgbbbbd  2.6457513110645907:1927  
1          6              W30A7  DISCORD  2006-05-22 02:00:00.0  befgbbb  45.628938186199335:1967  
1          6              W30A7  DISCORD  2006-05-20 02:00:00.0  bbgfebb  44.181444068749045:1965  
1          6              W30A7  DISCORD  2006-05-19 02:00:00.0  bbgcgbb  41.400483088968905:1964  
1          39             W30A7  DISCORD  2006-05-07 02:00:00.0  cccccfg  1.4142135623730951:1952  
1          40             W30A7  DISCORD  2006-05-07 02:00:00.0  cccccfg  1.4142135623730951:1952  
1          44             W30A7  DISCORD  2006-05-07 02:00:00.0  cccccfg  1.4142135623730951:1952  
1          6              W30A7  DISCORD  2006-05-09 02:00:00.0  fbbbcfg  46.119410230400824:1954  
1          46             W30A7  DISCORD  2006-05-07 02:00:00.0  cccccfg  1.4142135623730951:1952  
1          51             W30A7  DISCORD  2006-02-23 01:00:00.0  bbbbbgg  1.4142135623730951:1879  
1          6              W30A7  DISCORD  2006-05-01 02:00:00.0  bbgcbbg  40.570925550201586:1946  
1          2              W30A7  DISCORD  2006-05-30 02:00:00.0  ggbbbbb  11.445523142259598:1975  
1          2              W30A7  DISCORD  2006-05-26 02:00:00.0  cgfcccc  11.704699910719626:1971  
1          2              W30A7  DISCORD  2006-05-21 02:00:00.0  ccegccc  11.704699910719626:1966  
1          2              W30A7  DISCORD  2006-05-17 02:00:00.0  cccfgcc  11.704699910719626:1962  
1          2              W30A7  DISCORD  2006-05-16 02:00:00.0  cccegcc  11.704699910719626:1961  
1          6              W30A7  DISCORD  2006-05-28 02:00:00.0  gdfbbbb  43.474130238568314:1973  
1          6              W30A7  DISCORD  2007-07-23 02:00:00.0  bfgfbbb  41.701318923986086:2394  

W5A3   
W5A5   
W7A3   
W7A5   
W7A6   
W7A7   


Data is parsed from CVS and populated within this range:
	XMLGregorianCalendar startDate = Tstamp.makeTimestamp("2001-01-01T00:00:00Z");
	XMLGregorianCalendar endDate = Tstamp.makeTimestamp("2010-05-23T00:00:00Z");
which makes 3429 days.

create X axis
pull the data from "aggregated_scm_series" table
plot it, there are missing values at the beginning
get sub-list of patterns for the user and project 
highlight patterns by set colors